613566756 100100100100100100100100100100
613566762 100100100100100100100100101010
613566794 100100100100100100100101001010
613566802 100100100100100100100101010010
613566804 100100100100100100100101010100
613567050 100100100100100100101001001010
613567058 100100100100100100101001010010
613567060 100100100100100100101001010100
613567122 100100100100100100101010010010
613567124 100100100100100100101010010100
613567140 100100100100100100101010100100
613567146 100100100100100100101010101010
613569098 100100100100100101001001001010
613569106 100100100100100101001001010010
613569108 100100100100100101001001010100
613569170 100100100100100101001010010010
613569172 100100100100100101001010010100
613569188 100100100100100101001010100100
613569194 100100100100100101001010101010
613569682 100100100100100101010010010010
613569684 100100100100100101010010010100
613569700 100100100100100101010010100100
613569706 100100100100100101010010101010
613569828 100100100100100101010100100100
613569834 100100100100100101010100101010
613569866 100100100100100101010101001010
613569874 100100100100100101010101010010
613569876 100100100100100101010101010100
613585482 100100100100101001001001001010
613585490 100100100100101001001001010010
613585492 100100100100101001001001010100
613585554 100100100100101001001010010010
613585556 100100100100101001001010010100
613585572 100100100100101001001010100100
613585578 100100100100101001001010101010
613586066 100100100100101001010010010010
613586068 100100100100101001010010010100
613586084 100100100100101001010010100100
613586090 100100100100101001010010101010
613586212 100100100100101001010100100100
613586218 100100100100101001010100101010
613586250 100100100100101001010101001010
613586258 100100100100101001010101010010
613586260 100100100100101001010101010100
613590162 100100100100101010010010010010
613590164 100100100100101010010010010100
613590180 100100100100101010010010100100
613590186 100100100100101010010010101010
613590308 100100100100101010010100100100
613590314 100100100100101010010100101010
613590346 100100100100101010010101001010
613590354 100100100100101010010101010010
613590356 100100100100101010010101010100
613591332 100100100100101010100100100100
613591338 100100100100101010100100101010
613591370 100100100100101010100101001010
613591378 100100100100101010100101010010
613591380 100100100100101010100101010100
613591626 100100100100101010101001001010
613591634 100100100100101010101001010010
613591636 100100100100101010101001010100
613591698 100100100100101010101010010010
613591700 100100100100101010101010010100
613591716 100100100100101010101010100100
613591722 100100100100101010101010101010
613716554 100100100101001001001001001010
613716562 100100100101001001001001010010
613716564 100100100101001001001001010100
613716626 100100100101001001001010010010
613716628 100100100101001001001010010100
613716644 100100100101001001001010100100
613716650 100100100101001001001010101010
613717138 100100100101001001010010010010
613717140 100100100101001001010010010100
613717156 100100100101001001010010100100
613717162 100100100101001001010010101010
613717284 100100100101001001010100100100
613717290 100100100101001001010100101010
613717322 100100100101001001010101001010
613717330 100100100101001001010101010010
613717332 100100100101001001010101010100
613721234 100100100101001010010010010010
613721236 100100100101001010010010010100
613721252 100100100101001010010010100100
613721258 100100100101001010010010101010
613721380 100100100101001010010100100100
613721386 100100100101001010010100101010
613721418 100100100101001010010101001010
613721426 100100100101001010010101010010
613721428 100100100101001010010101010100
613722404 100100100101001010100100100100
613722410 100100100101001010100100101010
613722442 100100100101001010100101001010
613722450 100100100101001010100101010010
613722452 100100100101001010100101010100
613722698 100100100101001010101001001010
613722706 100100100101001010101001010010
613722708 100100100101001010101001010100
613722770 100100100101001010101010010010
613722772 100100100101001010101010010100
613722788 100100100101001010101010100100
613722794 100100100101001010101010101010
613754002 100100100101010010010010010010
613754004 100100100101010010010010010100
613754020 100100100101010010010010100100
613754026 100100100101010010010010101010
613754148 100100100101010010010100100100
613754154 100100100101010010010100101010
613754186 100100100101010010010101001010
613754194 100100100101010010010101010010
613754196 100100100101010010010101010100
613755172 100100100101010010100100100100
613755178 100100100101010010100100101010
613755210 100100100101010010100101001010
613755218 100100100101010010100101010010
613755220 100100100101010010100101010100
613755466 100100100101010010101001001010
613755474 100100100101010010101001010010
613755476 100100100101010010101001010100
613755538 100100100101010010101010010010
613755540 100100100101010010101010010100
613755556 100100100101010010101010100100
613755562 100100100101010010101010101010
613763364 100100100101010100100100100100
613763370 100100100101010100100100101010
613763402 100100100101010100100101001010
613763410 100100100101010100100101010010
613763412 100100100101010100100101010100
613763658 100100100101010100101001001010
613763666 100100100101010100101001010010
613763668 100100100101010100101001010100
613763730 100100100101010100101010010010
613763732 100100100101010100101010010100
613763748 100100100101010100101010100100
613763754 100100100101010100101010101010
613765706 100100100101010101001001001010
613765714 100100100101010101001001010010
613765716 100100100101010101001001010100
613765778 100100100101010101001010010010
613765780 100100100101010101001010010100
613765796 100100100101010101001010100100
613765802 100100100101010101001010101010
613766290 100100100101010101010010010010
613766292 100100100101010101010010010100
613766308 100100100101010101010010100100
613766314 100100100101010101010010101010
613766436 100100100101010101010100100100
613766442 100100100101010101010100101010
613766474 100100100101010101010101001010
613766482 100100100101010101010101010010
613766484 100100100101010101010101010100
614765130 100100101001001001001001001010
614765138 100100101001001001001001010010
614765140 100100101001001001001001010100
614765202 100100101001001001001010010010
614765204 100100101001001001001010010100
614765220 100100101001001001001010100100
614765226 100100101001001001001010101010
614765714 100100101001001001010010010010
614765716 100100101001001001010010010100
614765732 100100101001001001010010100100
614765738 100100101001001001010010101010
614765860 100100101001001001010100100100
614765866 100100101001001001010100101010
614765898 100100101001001001010101001010
614765906 100100101001001001010101010010
614765908 100100101001001001010101010100
614769810 100100101001001010010010010010
614769812 100100101001001010010010010100
614769828 100100101001001010010010100100
614769834 100100101001001010010010101010
614769956 100100101001001010010100100100
614769962 100100101001001010010100101010
614769994 100100101001001010010101001010
614770002 100100101001001010010101010010
614770004 100100101001001010010101010100
614770980 100100101001001010100100100100
614770986 100100101001001010100100101010
614771018 100100101001001010100101001010
614771026 100100101001001010100101010010
614771028 100100101001001010100101010100
614771274 100100101001001010101001001010
614771282 100100101001001010101001010010
614771284 100100101001001010101001010100
614771346 100100101001001010101010010010
614771348 100100101001001010101010010100
614771364 100100101001001010101010100100
614771370 100100101001001010101010101010
614802578 100100101001010010010010010010
614802580 100100101001010010010010010100
614802596 100100101001010010010010100100
614802602 100100101001010010010010101010
614802724 100100101001010010010100100100
614802730 100100101001010010010100101010
614802762 100100101001010010010101001010
614802770 100100101001010010010101010010
614802772 100100101001010010010101010100
614803748 100100101001010010100100100100
614803754 100100101001010010100100101010
614803786 100100101001010010100101001010
614803794 100100101001010010100101010010
614803796 100100101001010010100101010100
614804042 100100101001010010101001001010
614804050 100100101001010010101001010010
614804052 100100101001010010101001010100
614804114 100100101001010010101010010010
614804116 100100101001010010101010010100
614804132 100100101001010010101010100100
614804138 100100101001010010101010101010
614811940 100100101001010100100100100100
614811946 100100101001010100100100101010
614811978 100100101001010100100101001010
614811986 100100101001010100100101010010
614811988 100100101001010100100101010100
614812234 100100101001010100101001001010
614812242 100100101001010100101001010010
614812244 100100101001010100101001010100
614812306 100100101001010100101010010010
614812308 100100101001010100101010010100
614812324 100100101001010100101010100100
614812330 100100101001010100101010101010
614814282 100100101001010101001001001010
614814290 100100101001010101001001010010
614814292 100100101001010101001001010100
614814354 100100101001010101001010010010
614814356 100100101001010101001010010100
614814372 100100101001010101001010100100
614814378 100100101001010101001010101010
614814866 100100101001010101010010010010
614814868 100100101001010101010010010100
614814884 100100101001010101010010100100
614814890 100100101001010101010010101010
614815012 100100101001010101010100100100
614815018 100100101001010101010100101010
614815050 100100101001010101010101001010
614815058 100100101001010101010101010010
614815060 100100101001010101010101010100
615064722 100100101010010010010010010010
615064724 100100101010010010010010010100
615064740 100100101010010010010010100100
615064746 100100101010010010010010101010
615064868 100100101010010010010100100100
615064874 100100101010010010010100101010
615064906 100100101010010010010101001010
615064914 100100101010010010010101010010
615064916 100100101010010010010101010100
615065892 100100101010010010100100100100
615065898 100100101010010010100100101010
615065930 100100101010010010100101001010
615065938 100100101010010010100101010010
615065940 100100101010010010100101010100
615066186 100100101010010010101001001010
615066194 100100101010010010101001010010
615066196 100100101010010010101001010100
615066258 100100101010010010101010010010
615066260 100100101010010010101010010100
615066276 100100101010010010101010100100
615066282 100100101010010010101010101010
615074084 100100101010010100100100100100
615074090 100100101010010100100100101010
615074122 100100101010010100100101001010
615074130 100100101010010100100101010010
615074132 100100101010010100100101010100
615074378 100100101010010100101001001010
615074386 100100101010010100101001010010
615074388 100100101010010100101001010100
615074450 100100101010010100101010010010
615074452 100100101010010100101010010100
615074468 100100101010010100101010100100
615074474 100100101010010100101010101010
615076426 100100101010010101001001001010
615076434 100100101010010101001001010010
615076436 100100101010010101001001010100
615076498 100100101010010101001010010010
615076500 100100101010010101001010010100
615076516 100100101010010101001010100100
615076522 100100101010010101001010101010
615077010 100100101010010101010010010010
615077012 100100101010010101010010010100
615077028 100100101010010101010010100100
615077034 100100101010010101010010101010
615077156 100100101010010101010100100100
615077162 100100101010010101010100101010
615077194 100100101010010101010101001010
615077202 100100101010010101010101010010
615077204 100100101010010101010101010100
615139620 100100101010100100100100100100
615139626 100100101010100100100100101010
615139658 100100101010100100100101001010
615139666 100100101010100100100101010010
615139668 100100101010100100100101010100
615139914 100100101010100100101001001010
615139922 100100101010100100101001010010
615139924 100100101010100100101001010100
615139986 100100101010100100101010010010
615139988 100100101010100100101010010100
615140004 100100101010100100101010100100
615140010 100100101010100100101010101010
615141962 100100101010100101001001001010
615141970 100100101010100101001001010010
615141972 100100101010100101001001010100
615142034 100100101010100101001010010010
615142036 100100101010100101001010010100
615142052 100100101010100101001010100100
615142058 100100101010100101001010101010
615142546 100100101010100101010010010010
615142548 100100101010100101010010010100
615142564 100100101010100101010010100100
615142570 100100101010100101010010101010
615142692 100100101010100101010100100100
615142698 100100101010100101010100101010
615142730 100100101010100101010101001010
615142738 100100101010100101010101010010
615142740 100100101010100101010101010100
615158346 100100101010101001001001001010
615158354 100100101010101001001001010010
615158356 100100101010101001001001010100
615158418 100100101010101001001010010010
615158420 100100101010101001001010010100
615158436 100100101010101001001010100100
615158442 100100101010101001001010101010
615158930 100100101010101001010010010010
615158932 100100101010101001010010010100
615158948 100100101010101001010010100100
615158954 100100101010101001010010101010
615159076 100100101010101001010100100100
615159082 100100101010101001010100101010
615159114 100100101010101001010101001010
615159122 100100101010101001010101010010
615159124 100100101010101001010101010100
615163026 100100101010101010010010010010
615163028 100100101010101010010010010100
615163044 100100101010101010010010100100
615163050 100100101010101010010010101010
615163172 100100101010101010010100100100
615163178 100100101010101010010100101010
615163210 100100101010101010010101001010
615163218 100100101010101010010101010010
615163220 100100101010101010010101010100
615164196 100100101010101010100100100100
615164202 100100101010101010100100101010
615164234 100100101010101010100101001010
615164242 100100101010101010100101010010
615164244 100100101010101010100101010100
615164490 100100101010101010101001001010
615164498 100100101010101010101001010010
615164500 100100101010101010101001010100
615164562 100100101010101010101010010010
615164564 100100101010101010101010010100
615164580 100100101010101010101010100100
615164586 100100101010101010101010101010
623153738 100101001001001001001001001010
623153746 100101001001001001001001010010
623153748 100101001001001001001001010100
623153810 100101001001001001001010010010
623153812 100101001001001001001010010100
623153828 100101001001001001001010100100
623153834 100101001001001001001010101010
623154322 100101001001001001010010010010
623154324 100101001001001001010010010100
623154340 100101001001001001010010100100
623154346 100101001001001001010010101010
623154468 100101001001001001010100100100
623154474 100101001001001001010100101010
623154506 100101001001001001010101001010
623154514 100101001001001001010101010010
623154516 100101001001001001010101010100
623158418 100101001001001010010010010010
623158420 100101001001001010010010010100
623158436 100101001001001010010010100100
623158442 100101001001001010010010101010
623158564 100101001001001010010100100100
623158570 100101001001001010010100101010
623158602 100101001001001010010101001010
623158610 100101001001001010010101010010
623158612 100101001001001010010101010100
623159588 100101001001001010100100100100
623159594 100101001001001010100100101010
623159626 100101001001001010100101001010
623159634 100101001001001010100101010010
623159636 100101001001001010100101010100
623159882 100101001001001010101001001010
623159890 100101001001001010101001010010
623159892 100101001001001010101001010100
623159954 100101001001001010101010010010
623159956 100101001001001010101010010100
623159972 100101001001001010101010100100
623159978 100101001001001010101010101010
623191186 100101001001010010010010010010
623191188 100101001001010010010010010100
623191204 100101001001010010010010100100
623191210 100101001001010010010010101010
623191332 100101001001010010010100100100
623191338 100101001001010010010100101010
623191370 100101001001010010010101001010
623191378 100101001001010010010101010010
623191380 100101001001010010010101010100
623192356 100101001001010010100100100100
623192362 100101001001010010100100101010
623192394 100101001001010010100101001010
623192402 100101001001010010100101010010
623192404 100101001001010010100101010100
623192650 100101001001010010101001001010
623192658 100101001001010010101001010010
623192660 100101001001010010101001010100
623192722 100101001001010010101010010010
623192724 100101001001010010101010010100
623192740 100101001001010010101010100100
623192746 100101001001010010101010101010
623200548 100101001001010100100100100100
623200554 100101001001010100100100101010
623200586 100101001001010100100101001010
623200594 100101001001010100100101010010
623200596 100101001001010100100101010100
623200842 100101001001010100101001001010
623200850 100101001001010100101001010010
623200852 100101001001010100101001010100
623200914 100101001001010100101010010010
623200916 100101001001010100101010010100
623200932 100101001001010100101010100100
623200938 100101001001010100101010101010
623202890 100101001001010101001001001010
623202898 100101001001010101001001010010
623202900 100101001001010101001001010100
623202962 100101001001010101001010010010
623202964 100101001001010101001010010100
623202980 100101001001010101001010100100
623202986 100101001001010101001010101010
623203474 100101001001010101010010010010
623203476 100101001001010101010010010100
623203492 100101001001010101010010100100
623203498 100101001001010101010010101010
623203620 100101001001010101010100100100
623203626 100101001001010101010100101010
623203658 100101001001010101010101001010
623203666 100101001001010101010101010010
623203668 100101001001010101010101010100
623453330 100101001010010010010010010010
623453332 100101001010010010010010010100
623453348 100101001010010010010010100100
623453354 100101001010010010010010101010
623453476 100101001010010010010100100100
623453482 100101001010010010010100101010
623453514 100101001010010010010101001010
623453522 100101001010010010010101010010
623453524 100101001010010010010101010100
623454500 100101001010010010100100100100
623454506 100101001010010010100100101010
623454538 100101001010010010100101001010
623454546 100101001010010010100101010010
623454548 100101001010010010100101010100
623454794 100101001010010010101001001010
623454802 100101001010010010101001010010
623454804 100101001010010010101001010100
623454866 100101001010010010101010010010
623454868 100101001010010010101010010100
623454884 100101001010010010101010100100
623454890 100101001010010010101010101010
623462692 100101001010010100100100100100
623462698 100101001010010100100100101010
623462730 100101001010010100100101001010
623462738 100101001010010100100101010010
623462740 100101001010010100100101010100
623462986 100101001010010100101001001010
623462994 100101001010010100101001010010
623462996 100101001010010100101001010100
623463058 100101001010010100101010010010
623463060 100101001010010100101010010100
623463076 100101001010010100101010100100
623463082 100101001010010100101010101010
623465034 100101001010010101001001001010
623465042 100101001010010101001001010010
623465044 100101001010010101001001010100
623465106 100101001010010101001010010010
623465108 100101001010010101001010010100
623465124 100101001010010101001010100100
623465130 100101001010010101001010101010
623465618 100101001010010101010010010010
623465620 100101001010010101010010010100
623465636 100101001010010101010010100100
623465642 100101001010010101010010101010
623465764 100101001010010101010100100100
623465770 100101001010010101010100101010
623465802 100101001010010101010101001010
623465810 100101001010010101010101010010
623465812 100101001010010101010101010100
623528228 100101001010100100100100100100
623528234 100101001010100100100100101010
623528266 100101001010100100100101001010
623528274 100101001010100100100101010010
623528276 100101001010100100100101010100
623528522 100101001010100100101001001010
623528530 100101001010100100101001010010
623528532 100101001010100100101001010100
623528594 100101001010100100101010010010
623528596 100101001010100100101010010100
623528612 100101001010100100101010100100
623528618 100101001010100100101010101010
623530570 100101001010100101001001001010
623530578 100101001010100101001001010010
623530580 100101001010100101001001010100
623530642 100101001010100101001010010010
623530644 100101001010100101001010010100
623530660 100101001010100101001010100100
623530666 100101001010100101001010101010
623531154 100101001010100101010010010010
623531156 100101001010100101010010010100
623531172 100101001010100101010010100100
623531178 100101001010100101010010101010
623531300 100101001010100101010100100100
623531306 100101001010100101010100101010
623531338 100101001010100101010101001010
623531346 100101001010100101010101010010
623531348 100101001010100101010101010100
623546954 100101001010101001001001001010
623546962 100101001010101001001001010010
623546964 100101001010101001001001010100
623547026 100101001010101001001010010010
623547028 100101001010101001001010010100
623547044 100101001010101001001010100100
623547050 100101001010101001001010101010
623547538 100101001010101001010010010010
623547540 100101001010101001010010010100
623547556 100101001010101001010010100100
623547562 100101001010101001010010101010
623547684 100101001010101001010100100100
623547690 100101001010101001010100101010
623547722 100101001010101001010101001010
623547730 100101001010101001010101010010
623547732 100101001010101001010101010100
623551634 100101001010101010010010010010
623551636 100101001010101010010010010100
623551652 100101001010101010010010100100
623551658 100101001010101010010010101010
623551780 100101001010101010010100100100
623551786 100101001010101010010100101010
623551818 100101001010101010010101001010
623551826 100101001010101010010101010010
623551828 100101001010101010010101010100
623552804 100101001010101010100100100100
623552810 100101001010101010100100101010
623552842 100101001010101010100101001010
623552850 100101001010101010100101010010
623552852 100101001010101010100101010100
623553098 100101001010101010101001001010
623553106 100101001010101010101001010010
623553108 100101001010101010101001010100
623553170 100101001010101010101010010010
623553172 100101001010101010101010010100
623553188 100101001010101010101010100100
623553194 100101001010101010101010101010
625550482 100101010010010010010010010010
625550484 100101010010010010010010010100
625550500 100101010010010010010010100100
625550506 100101010010010010010010101010
625550628 100101010010010010010100100100
625550634 100101010010010010010100101010
625550666 100101010010010010010101001010
625550674 100101010010010010010101010010
625550676 100101010010010010010101010100
625551652 100101010010010010100100100100
625551658 100101010010010010100100101010
625551690 100101010010010010100101001010
625551698 100101010010010010100101010010
625551700 100101010010010010100101010100
625551946 100101010010010010101001001010
625551954 100101010010010010101001010010
625551956 100101010010010010101001010100
625552018 100101010010010010101010010010
625552020 100101010010010010101010010100
625552036 100101010010010010101010100100
625552042 100101010010010010101010101010
625559844 100101010010010100100100100100
625559850 100101010010010100100100101010
625559882 100101010010010100100101001010
625559890 100101010010010100100101010010
625559892 100101010010010100100101010100
625560138 100101010010010100101001001010
625560146 100101010010010100101001010010
625560148 100101010010010100101001010100
625560210 100101010010010100101010010010
625560212 100101010010010100101010010100
625560228 100101010010010100101010100100
625560234 100101010010010100101010101010
625562186 100101010010010101001001001010
625562194 100101010010010101001001010010
625562196 100101010010010101001001010100
625562258 100101010010010101001010010010
625562260 100101010010010101001010010100
625562276 100101010010010101001010100100
625562282 100101010010010101001010101010
625562770 100101010010010101010010010010
625562772 100101010010010101010010010100
625562788 100101010010010101010010100100
625562794 100101010010010101010010101010
625562916 100101010010010101010100100100
625562922 100101010010010101010100101010
625562954 100101010010010101010101001010
625562962 100101010010010101010101010010
625562964 100101010010010101010101010100
625625380 100101010010100100100100100100
625625386 100101010010100100100100101010
625625418 100101010010100100100101001010
625625426 100101010010100100100101010010
625625428 100101010010100100100101010100
625625674 100101010010100100101001001010
625625682 100101010010100100101001010010
625625684 100101010010100100101001010100
625625746 100101010010100100101010010010
625625748 100101010010100100101010010100
625625764 100101010010100100101010100100
625625770 100101010010100100101010101010
625627722 100101010010100101001001001010
625627730 100101010010100101001001010010
625627732 100101010010100101001001010100
625627794 100101010010100101001010010010
625627796 100101010010100101001010010100
625627812 100101010010100101001010100100
625627818 100101010010100101001010101010
625628306 100101010010100101010010010010
625628308 100101010010100101010010010100
625628324 100101010010100101010010100100
625628330 100101010010100101010010101010
625628452 100101010010100101010100100100
625628458 100101010010100101010100101010
625628490 100101010010100101010101001010
625628498 100101010010100101010101010010
625628500 100101010010100101010101010100
625644106 100101010010101001001001001010
625644114 100101010010101001001001010010
625644116 100101010010101001001001010100
625644178 100101010010101001001010010010
625644180 100101010010101001001010010100
625644196 100101010010101001001010100100
625644202 100101010010101001001010101010
625644690 100101010010101001010010010010
625644692 100101010010101001010010010100
625644708 100101010010101001010010100100
625644714 100101010010101001010010101010
625644836 100101010010101001010100100100
625644842 100101010010101001010100101010
625644874 100101010010101001010101001010
625644882 100101010010101001010101010010
625644884 100101010010101001010101010100
625648786 100101010010101010010010010010
625648788 100101010010101010010010010100
625648804 100101010010101010010010100100
625648810 100101010010101010010010101010
625648932 100101010010101010010100100100
625648938 100101010010101010010100101010
625648970 100101010010101010010101001010
625648978 100101010010101010010101010010
625648980 100101010010101010010101010100
625649956 100101010010101010100100100100
625649962 100101010010101010100100101010
625649994 100101010010101010100101001010
625650002 100101010010101010100101010010
625650004 100101010010101010100101010100
625650250 100101010010101010101001001010
625650258 100101010010101010101001010010
625650260 100101010010101010101001010100
625650322 100101010010101010101010010010
625650324 100101010010101010101010010100
625650340 100101010010101010101010100100
625650346 100101010010101010101010101010
626149668 100101010100100100100100100100
626149674 100101010100100100100100101010
626149706 100101010100100100100101001010
626149714 100101010100100100100101010010
626149716 100101010100100100100101010100
626149962 100101010100100100101001001010
626149970 100101010100100100101001010010
626149972 100101010100100100101001010100
626150034 100101010100100100101010010010
626150036 100101010100100100101010010100
626150052 100101010100100100101010100100
626150058 100101010100100100101010101010
626152010 100101010100100101001001001010
626152018 100101010100100101001001010010
626152020 100101010100100101001001010100
626152082 100101010100100101001010010010
626152084 100101010100100101001010010100
626152100 100101010100100101001010100100
626152106 100101010100100101001010101010
626152594 100101010100100101010010010010
626152596 100101010100100101010010010100
626152612 100101010100100101010010100100
626152618 100101010100100101010010101010
626152740 100101010100100101010100100100
626152746 100101010100100101010100101010
626152778 100101010100100101010101001010
626152786 100101010100100101010101010010
626152788 100101010100100101010101010100
626168394 100101010100101001001001001010
626168402 100101010100101001001001010010
626168404 100101010100101001001001010100
626168466 100101010100101001001010010010
626168468 100101010100101001001010010100
626168484 100101010100101001001010100100
626168490 100101010100101001001010101010
626168978 100101010100101001010010010010
626168980 100101010100101001010010010100
626168996 100101010100101001010010100100
626169002 100101010100101001010010101010
626169124 100101010100101001010100100100
626169130 100101010100101001010100101010
626169162 100101010100101001010101001010
626169170 100101010100101001010101010010
626169172 100101010100101001010101010100
626173074 100101010100101010010010010010
626173076 100101010100101010010010010100
626173092 100101010100101010010010100100
626173098 100101010100101010010010101010
626173220 100101010100101010010100100100
626173226 100101010100101010010100101010
626173258 100101010100101010010101001010
626173266 100101010100101010010101010010
626173268 100101010100101010010101010100
626174244 100101010100101010100100100100
626174250 100101010100101010100100101010
626174282 100101010100101010100101001010
626174290 100101010100101010100101010010
626174292 100101010100101010100101010100
626174538 100101010100101010101001001010
626174546 100101010100101010101001010010
626174548 100101010100101010101001010100
626174610 100101010100101010101010010010
626174612 100101010100101010101010010100
626174628 100101010100101010101010100100
626174634 100101010100101010101010101010
626299466 100101010101001001001001001010
626299474 100101010101001001001001010010
626299476 100101010101001001001001010100
626299538 100101010101001001001010010010
626299540 100101010101001001001010010100
626299556 100101010101001001001010100100
626299562 100101010101001001001010101010
626300050 100101010101001001010010010010
626300052 100101010101001001010010010100
626300068 100101010101001001010010100100
626300074 100101010101001001010010101010
626300196 100101010101001001010100100100
626300202 100101010101001001010100101010
626300234 100101010101001001010101001010
626300242 100101010101001001010101010010
626300244 100101010101001001010101010100
626304146 100101010101001010010010010010
626304148 100101010101001010010010010100
626304164 100101010101001010010010100100
626304170 100101010101001010010010101010
626304292 100101010101001010010100100100
626304298 100101010101001010010100101010
626304330 100101010101001010010101001010
626304338 100101010101001010010101010010
626304340 100101010101001010010101010100
626305316 100101010101001010100100100100
626305322 100101010101001010100100101010
626305354 100101010101001010100101001010
626305362 100101010101001010100101010010
626305364 100101010101001010100101010100
626305610 100101010101001010101001001010
626305618 100101010101001010101001010010
626305620 100101010101001010101001010100
626305682 100101010101001010101010010010
626305684 100101010101001010101010010100
626305700 100101010101001010101010100100
626305706 100101010101001010101010101010
626336914 100101010101010010010010010010
626336916 100101010101010010010010010100
626336932 100101010101010010010010100100
626336938 100101010101010010010010101010
626337060 100101010101010010010100100100
626337066 100101010101010010010100101010
626337098 100101010101010010010101001010
626337106 100101010101010010010101010010
626337108 100101010101010010010101010100
626338084 100101010101010010100100100100
626338090 100101010101010010100100101010
626338122 100101010101010010100101001010
626338130 100101010101010010100101010010
626338132 100101010101010010100101010100
626338378 100101010101010010101001001010
626338386 100101010101010010101001010010
626338388 100101010101010010101001010100
626338450 100101010101010010101010010010
626338452 100101010101010010101010010100
626338468 100101010101010010101010100100
626338474 100101010101010010101010101010
626346276 100101010101010100100100100100
626346282 100101010101010100100100101010
626346314 100101010101010100100101001010
626346322 100101010101010100100101010010
626346324 100101010101010100100101010100
626346570 100101010101010100101001001010
626346578 100101010101010100101001010010
626346580 100101010101010100101001010100
626346642 100101010101010100101010010010
626346644 100101010101010100101010010100
626346660 100101010101010100101010100100
626346666 100101010101010100101010101010
626348618 100101010101010101001001001010
626348626 100101010101010101001001010010
626348628 100101010101010101001001010100
626348690 100101010101010101001010010010
626348692 100101010101010101001010010100
626348708 100101010101010101001010100100
626348714 100101010101010101001010101010
626349202 100101010101010101010010010010
626349204 100101010101010101010010010100
626349220 100101010101010101010010100100
626349226 100101010101010101010010101010
626349348 100101010101010101010100100100
626349354 100101010101010101010100101010
626349386 100101010101010101010101001010
626349394 100101010101010101010101010010
626349396 100101010101010101010101010100
690262602 101001001001001001001001001010
690262610 101001001001001001001001010010
690262612 101001001001001001001001010100
690262674 101001001001001001001010010010
690262676 101001001001001001001010010100
690262692 101001001001001001001010100100
690262698 101001001001001001001010101010
690263186 101001001001001001010010010010
690263188 101001001001001001010010010100
690263204 101001001001001001010010100100
690263210 101001001001001001010010101010
690263332 101001001001001001010100100100
690263338 101001001001001001010100101010
690263370 101001001001001001010101001010
690263378 101001001001001001010101010010
690263380 101001001001001001010101010100
690267282 101001001001001010010010010010
690267284 101001001001001010010010010100
690267300 101001001001001010010010100100
690267306 101001001001001010010010101010
690267428 101001001001001010010100100100
690267434 101001001001001010010100101010
690267466 101001001001001010010101001010
690267474 101001001001001010010101010010
690267476 101001001001001010010101010100
690268452 101001001001001010100100100100
690268458 101001001001001010100100101010
690268490 101001001001001010100101001010
690268498 101001001001001010100101010010
690268500 101001001001001010100101010100
690268746 101001001001001010101001001010
690268754 101001001001001010101001010010
690268756 101001001001001010101001010100
690268818 101001001001001010101010010010
690268820 101001001001001010101010010100
690268836 101001001001001010101010100100
690268842 101001001001001010101010101010
690300050 101001001001010010010010010010
690300052 101001001001010010010010010100
690300068 101001001001010010010010100100
690300074 101001001001010010010010101010
690300196 101001001001010010010100100100
690300202 101001001001010010010100101010
690300234 101001001001010010010101001010
690300242 101001001001010010010101010010
690300244 101001001001010010010101010100
690301220 101001001001010010100100100100
690301226 101001001001010010100100101010
690301258 101001001001010010100101001010
690301266 101001001001010010100101010010
690301268 101001001001010010100101010100
690301514 101001001001010010101001001010
690301522 101001001001010010101001010010
690301524 101001001001010010101001010100
690301586 101001001001010010101010010010
690301588 101001001001010010101010010100
690301604 101001001001010010101010100100
690301610 101001001001010010101010101010
690309412 101001001001010100100100100100
690309418 101001001001010100100100101010
690309450 101001001001010100100101001010
690309458 101001001001010100100101010010
690309460 101001001001010100100101010100
690309706 101001001001010100101001001010
690309714 101001001001010100101001010010
690309716 101001001001010100101001010100
690309778 101001001001010100101010010010
690309780 101001001001010100101010010100
690309796 101001001001010100101010100100
690309802 101001001001010100101010101010
690311754 101001001001010101001001001010
690311762 101001001001010101001001010010
690311764 101001001001010101001001010100
690311826 101001001001010101001010010010
690311828 101001001001010101001010010100
690311844 101001001001010101001010100100
690311850 101001001001010101001010101010
690312338 101001001001010101010010010010
690312340 101001001001010101010010010100
690312356 101001001001010101010010100100
690312362 101001001001010101010010101010
690312484 101001001001010101010100100100
690312490 101001001001010101010100101010
690312522 101001001001010101010101001010
690312530 101001001001010101010101010010
690312532 101001001001010101010101010100
690562194 101001001010010010010010010010
690562196 101001001010010010010010010100
690562212 101001001010010010010010100100
690562218 101001001010010010010010101010
690562340 101001001010010010010100100100
690562346 101001001010010010010100101010
690562378 101001001010010010010101001010
690562386 101001001010010010010101010010
690562388 101001001010010010010101010100
690563364 101001001010010010100100100100
690563370 101001001010010010100100101010
690563402 101001001010010010100101001010
690563410 101001001010010010100101010010
690563412 101001001010010010100101010100
690563658 101001001010010010101001001010
690563666 101001001010010010101001010010
690563668 101001001010010010101001010100
690563730 101001001010010010101010010010
690563732 101001001010010010101010010100
690563748 101001001010010010101010100100
690563754 101001001010010010101010101010
690571556 101001001010010100100100100100
690571562 101001001010010100100100101010
690571594 101001001010010100100101001010
690571602 101001001010010100100101010010
690571604 101001001010010100100101010100
690571850 101001001010010100101001001010
690571858 101001001010010100101001010010
690571860 101001001010010100101001010100
690571922 101001001010010100101010010010
690571924 101001001010010100101010010100
690571940 101001001010010100101010100100
690571946 101001001010010100101010101010
690573898 101001001010010101001001001010
690573906 101001001010010101001001010010
690573908 101001001010010101001001010100
690573970 101001001010010101001010010010
690573972 101001001010010101001010010100
690573988 101001001010010101001010100100
690573994 101001001010010101001010101010
690574482 101001001010010101010010010010
690574484 101001001010010101010010010100
690574500 101001001010010101010010100100
690574506 101001001010010101010010101010
690574628 101001001010010101010100100100
690574634 101001001010010101010100101010
690574666 101001001010010101010101001010
690574674 101001001010010101010101010010
690574676 101001001010010101010101010100
690637092 101001001010100100100100100100
690637098 101001001010100100100100101010
690637130 101001001010100100100101001010
690637138 101001001010100100100101010010
690637140 101001001010100100100101010100
690637386 101001001010100100101001001010
690637394 101001001010100100101001010010
690637396 101001001010100100101001010100
690637458 101001001010100100101010010010
690637460 101001001010100100101010010100
690637476 101001001010100100101010100100
690637482 101001001010100100101010101010
690639434 101001001010100101001001001010
690639442 101001001010100101001001010010
690639444 101001001010100101001001010100
690639506 101001001010100101001010010010
690639508 101001001010100101001010010100
690639524 101001001010100101001010100100
690639530 101001001010100101001010101010
690640018 101001001010100101010010010010
690640020 101001001010100101010010010100
690640036 101001001010100101010010100100
690640042 101001001010100101010010101010
690640164 101001001010100101010100100100
690640170 101001001010100101010100101010
690640202 101001001010100101010101001010
690640210 101001001010100101010101010010
690640212 101001001010100101010101010100
690655818 101001001010101001001001001010
690655826 101001001010101001001001010010
690655828 101001001010101001001001010100
690655890 101001001010101001001010010010
690655892 101001001010101001001010010100
690655908 101001001010101001001010100100
690655914 101001001010101001001010101010
690656402 101001001010101001010010010010
690656404 101001001010101001010010010100
690656420 101001001010101001010010100100
690656426 101001001010101001010010101010
690656548 101001001010101001010100100100
690656554 101001001010101001010100101010
690656586 101001001010101001010101001010
690656594 101001001010101001010101010010
690656596 101001001010101001010101010100
690660498 101001001010101010010010010010
690660500 101001001010101010010010010100
690660516 101001001010101010010010100100
690660522 101001001010101010010010101010
690660644 101001001010101010010100100100
690660650 101001001010101010010100101010
690660682 101001001010101010010101001010
690660690 101001001010101010010101010010
690660692 101001001010101010010101010100
690661668 101001001010101010100100100100
690661674 101001001010101010100100101010
690661706 101001001010101010100101001010
690661714 101001001010101010100101010010
690661716 101001001010101010100101010100
690661962 101001001010101010101001001010
690661970 101001001010101010101001010010
690661972 101001001010101010101001010100
690662034 101001001010101010101010010010
690662036 101001001010101010101010010100
690662052 101001001010101010101010100100
690662058 101001001010101010101010101010
692659346 101001010010010010010010010010
692659348 101001010010010010010010010100
692659364 101001010010010010010010100100
692659370 101001010010010010010010101010
692659492 101001010010010010010100100100
692659498 101001010010010010010100101010
692659530 101001010010010010010101001010
692659538 101001010010010010010101010010
692659540 101001010010010010010101010100
692660516 101001010010010010100100100100
692660522 101001010010010010100100101010
692660554 101001010010010010100101001010
692660562 101001010010010010100101010010
692660564 101001010010010010100101010100
692660810 101001010010010010101001001010
692660818 101001010010010010101001010010
692660820 101001010010010010101001010100
692660882 101001010010010010101010010010
692660884 101001010010010010101010010100
692660900 101001010010010010101010100100
692660906 101001010010010010101010101010
692668708 101001010010010100100100100100
692668714 101001010010010100100100101010
692668746 101001010010010100100101001010
692668754 101001010010010100100101010010
692668756 101001010010010100100101010100
692669002 101001010010010100101001001010
692669010 101001010010010100101001010010
692669012 101001010010010100101001010100
692669074 101001010010010100101010010010
692669076 101001010010010100101010010100
692669092 101001010010010100101010100100
692669098 101001010010010100101010101010
692671050 101001010010010101001001001010
692671058 101001010010010101001001010010
692671060 101001010010010101001001010100
692671122 101001010010010101001010010010
692671124 101001010010010101001010010100
692671140 101001010010010101001010100100
692671146 101001010010010101001010101010
692671634 101001010010010101010010010010
692671636 101001010010010101010010010100
692671652 101001010010010101010010100100
692671658 101001010010010101010010101010
692671780 101001010010010101010100100100
692671786 101001010010010101010100101010
692671818 101001010010010101010101001010
692671826 101001010010010101010101010010
692671828 101001010010010101010101010100
692734244 101001010010100100100100100100
692734250 101001010010100100100100101010
692734282 101001010010100100100101001010
692734290 101001010010100100100101010010
692734292 101001010010100100100101010100
692734538 101001010010100100101001001010
692734546 101001010010100100101001010010
692734548 101001010010100100101001010100
692734610 101001010010100100101010010010
692734612 101001010010100100101010010100
692734628 101001010010100100101010100100
692734634 101001010010100100101010101010
692736586 101001010010100101001001001010
692736594 101001010010100101001001010010
692736596 101001010010100101001001010100
692736658 101001010010100101001010010010
692736660 101001010010100101001010010100
692736676 101001010010100101001010100100
692736682 101001010010100101001010101010
692737170 101001010010100101010010010010
692737172 101001010010100101010010010100
692737188 101001010010100101010010100100
692737194 101001010010100101010010101010
692737316 101001010010100101010100100100
692737322 101001010010100101010100101010
692737354 101001010010100101010101001010
692737362 101001010010100101010101010010
692737364 101001010010100101010101010100
692752970 101001010010101001001001001010
692752978 101001010010101001001001010010
692752980 101001010010101001001001010100
692753042 101001010010101001001010010010
692753044 101001010010101001001010010100
692753060 101001010010101001001010100100
692753066 101001010010101001001010101010
692753554 101001010010101001010010010010
692753556 101001010010101001010010010100
692753572 101001010010101001010010100100
692753578 101001010010101001010010101010
692753700 101001010010101001010100100100
692753706 101001010010101001010100101010
692753738 101001010010101001010101001010
692753746 101001010010101001010101010010
692753748 101001010010101001010101010100
692757650 101001010010101010010010010010
692757652 101001010010101010010010010100
692757668 101001010010101010010010100100
692757674 101001010010101010010010101010
692757796 101001010010101010010100100100
692757802 101001010010101010010100101010
692757834 101001010010101010010101001010
692757842 101001010010101010010101010010
692757844 101001010010101010010101010100
692758820 101001010010101010100100100100
692758826 101001010010101010100100101010
692758858 101001010010101010100101001010
692758866 101001010010101010100101010010
692758868 101001010010101010100101010100
692759114 101001010010101010101001001010
692759122 101001010010101010101001010010
692759124 101001010010101010101001010100
692759186 101001010010101010101010010010
692759188 101001010010101010101010010100
692759204 101001010010101010101010100100
692759210 101001010010101010101010101010
693258532 101001010100100100100100100100
693258538 101001010100100100100100101010
693258570 101001010100100100100101001010
693258578 101001010100100100100101010010
693258580 101001010100100100100101010100
693258826 101001010100100100101001001010
693258834 101001010100100100101001010010
693258836 101001010100100100101001010100
693258898 101001010100100100101010010010
693258900 101001010100100100101010010100
693258916 101001010100100100101010100100
693258922 101001010100100100101010101010
693260874 101001010100100101001001001010
693260882 101001010100100101001001010010
693260884 101001010100100101001001010100
693260946 101001010100100101001010010010
693260948 101001010100100101001010010100
693260964 101001010100100101001010100100
693260970 101001010100100101001010101010
693261458 101001010100100101010010010010
693261460 101001010100100101010010010100
693261476 101001010100100101010010100100
693261482 101001010100100101010010101010
693261604 101001010100100101010100100100
693261610 101001010100100101010100101010
693261642 101001010100100101010101001010
693261650 101001010100100101010101010010
693261652 101001010100100101010101010100
693277258 101001010100101001001001001010
693277266 101001010100101001001001010010
693277268 101001010100101001001001010100
693277330 101001010100101001001010010010
693277332 101001010100101001001010010100
693277348 101001010100101001001010100100
693277354 101001010100101001001010101010
693277842 101001010100101001010010010010
693277844 101001010100101001010010010100
693277860 101001010100101001010010100100
693277866 101001010100101001010010101010
693277988 101001010100101001010100100100
693277994 101001010100101001010100101010
693278026 101001010100101001010101001010
693278034 101001010100101001010101010010
693278036 101001010100101001010101010100
693281938 101001010100101010010010010010
693281940 101001010100101010010010010100
693281956 101001010100101010010010100100
693281962 101001010100101010010010101010
693282084 101001010100101010010100100100
693282090 101001010100101010010100101010
693282122 101001010100101010010101001010
693282130 101001010100101010010101010010
693282132 101001010100101010010101010100
693283108 101001010100101010100100100100
693283114 101001010100101010100100101010
693283146 101001010100101010100101001010
693283154 101001010100101010100101010010
693283156 101001010100101010100101010100
693283402 101001010100101010101001001010
693283410 101001010100101010101001010010
693283412 101001010100101010101001010100
693283474 101001010100101010101010010010
693283476 101001010100101010101010010100
693283492 101001010100101010101010100100
693283498 101001010100101010101010101010
693408330 101001010101001001001001001010
693408338 101001010101001001001001010010
693408340 101001010101001001001001010100
693408402 101001010101001001001010010010
693408404 101001010101001001001010010100
693408420 101001010101001001001010100100
693408426 101001010101001001001010101010
693408914 101001010101001001010010010010
693408916 101001010101001001010010010100
693408932 101001010101001001010010100100
693408938 101001010101001001010010101010
693409060 101001010101001001010100100100
693409066 101001010101001001010100101010
693409098 101001010101001001010101001010
693409106 101001010101001001010101010010
693409108 101001010101001001010101010100
693413010 101001010101001010010010010010
693413012 101001010101001010010010010100
693413028 101001010101001010010010100100
693413034 101001010101001010010010101010
693413156 101001010101001010010100100100
693413162 101001010101001010010100101010
693413194 101001010101001010010101001010
693413202 101001010101001010010101010010
693413204 101001010101001010010101010100
693414180 101001010101001010100100100100
693414186 101001010101001010100100101010
693414218 101001010101001010100101001010
693414226 101001010101001010100101010010
693414228 101001010101001010100101010100
693414474 101001010101001010101001001010
693414482 101001010101001010101001010010
693414484 101001010101001010101001010100
693414546 101001010101001010101010010010
693414548 101001010101001010101010010100
693414564 101001010101001010101010100100
693414570 101001010101001010101010101010
693445778 101001010101010010010010010010
693445780 101001010101010010010010010100
693445796 101001010101010010010010100100
693445802 101001010101010010010010101010
693445924 101001010101010010010100100100
693445930 101001010101010010010100101010
693445962 101001010101010010010101001010
693445970 101001010101010010010101010010
693445972 101001010101010010010101010100
693446948 101001010101010010100100100100
693446954 101001010101010010100100101010
693446986 101001010101010010100101001010
693446994 101001010101010010100101010010
693446996 101001010101010010100101010100
693447242 101001010101010010101001001010
693447250 101001010101010010101001010010
693447252 101001010101010010101001010100
693447314 101001010101010010101010010010
693447316 101001010101010010101010010100
693447332 101001010101010010101010100100
693447338 101001010101010010101010101010
693455140 101001010101010100100100100100
693455146 101001010101010100100100101010
693455178 101001010101010100100101001010
693455186 101001010101010100100101010010
693455188 101001010101010100100101010100
693455434 101001010101010100101001001010
693455442 101001010101010100101001010010
693455444 101001010101010100101001010100
693455506 101001010101010100101010010010
693455508 101001010101010100101010010100
693455524 101001010101010100101010100100
693455530 101001010101010100101010101010
693457482 101001010101010101001001001010
693457490 101001010101010101001001010010
693457492 101001010101010101001001010100
693457554 101001010101010101001010010010
693457556 101001010101010101001010010100
693457572 101001010101010101001010100100
693457578 101001010101010101001010101010
693458066 101001010101010101010010010010
693458068 101001010101010101010010010100
693458084 101001010101010101010010100100
693458090 101001010101010101010010101010
693458212 101001010101010101010100100100
693458218 101001010101010101010100101010
693458250 101001010101010101010101001010
693458258 101001010101010101010101010010
693458260 101001010101010101010101010100
709436562 101010010010010010010010010010
709436564 101010010010010010010010010100
709436580 101010010010010010010010100100
709436586 101010010010010010010010101010
709436708 101010010010010010010100100100
709436714 101010010010010010010100101010
709436746 101010010010010010010101001010
709436754 101010010010010010010101010010
709436756 101010010010010010010101010100
709437732 101010010010010010100100100100
709437738 101010010010010010100100101010
709437770 101010010010010010100101001010
709437778 101010010010010010100101010010
709437780 101010010010010010100101010100
709438026 101010010010010010101001001010
709438034 101010010010010010101001010010
709438036 101010010010010010101001010100
709438098 101010010010010010101010010010
709438100 101010010010010010101010010100
709438116 101010010010010010101010100100
709438122 101010010010010010101010101010
709445924 101010010010010100100100100100
709445930 101010010010010100100100101010
709445962 101010010010010100100101001010
709445970 101010010010010100100101010010
709445972 101010010010010100100101010100
709446218 101010010010010100101001001010
709446226 101010010010010100101001010010
709446228 101010010010010100101001010100
709446290 101010010010010100101010010010
709446292 101010010010010100101010010100
709446308 101010010010010100101010100100
709446314 101010010010010100101010101010
709448266 101010010010010101001001001010
709448274 101010010010010101001001010010
709448276 101010010010010101001001010100
709448338 101010010010010101001010010010
709448340 101010010010010101001010010100
709448356 101010010010010101001010100100
709448362 101010010010010101001010101010
709448850 101010010010010101010010010010
709448852 101010010010010101010010010100
709448868 101010010010010101010010100100
709448874 101010010010010101010010101010
709448996 101010010010010101010100100100
709449002 101010010010010101010100101010
709449034 101010010010010101010101001010
709449042 101010010010010101010101010010
709449044 101010010010010101010101010100
709511460 101010010010100100100100100100
709511466 101010010010100100100100101010
709511498 101010010010100100100101001010
709511506 101010010010100100100101010010
709511508 101010010010100100100101010100
709511754 101010010010100100101001001010
709511762 101010010010100100101001010010
709511764 101010010010100100101001010100
709511826 101010010010100100101010010010
709511828 101010010010100100101010010100
709511844 101010010010100100101010100100
709511850 101010010010100100101010101010
709513802 101010010010100101001001001010
709513810 101010010010100101001001010010
709513812 101010010010100101001001010100
709513874 101010010010100101001010010010
709513876 101010010010100101001010010100
709513892 101010010010100101001010100100
709513898 101010010010100101001010101010
709514386 101010010010100101010010010010
709514388 101010010010100101010010010100
709514404 101010010010100101010010100100
709514410 101010010010100101010010101010
709514532 101010010010100101010100100100
709514538 101010010010100101010100101010
709514570 101010010010100101010101001010
709514578 101010010010100101010101010010
709514580 101010010010100101010101010100
709530186 101010010010101001001001001010
709530194 101010010010101001001001010010
709530196 101010010010101001001001010100
709530258 101010010010101001001010010010
709530260 101010010010101001001010010100
709530276 101010010010101001001010100100
709530282 101010010010101001001010101010
709530770 101010010010101001010010010010
709530772 101010010010101001010010010100
709530788 101010010010101001010010100100
709530794 101010010010101001010010101010
709530916 101010010010101001010100100100
709530922 101010010010101001010100101010
709530954 101010010010101001010101001010
709530962 101010010010101001010101010010
709530964 101010010010101001010101010100
709534866 101010010010101010010010010010
709534868 101010010010101010010010010100
709534884 101010010010101010010010100100
709534890 101010010010101010010010101010
709535012 101010010010101010010100100100
709535018 101010010010101010010100101010
709535050 101010010010101010010101001010
709535058 101010010010101010010101010010
709535060 101010010010101010010101010100
709536036 101010010010101010100100100100
709536042 101010010010101010100100101010
709536074 101010010010101010100101001010
709536082 101010010010101010100101010010
709536084 101010010010101010100101010100
709536330 101010010010101010101001001010
709536338 101010010010101010101001010010
709536340 101010010010101010101001010100
709536402 101010010010101010101010010010
709536404 101010010010101010101010010100
709536420 101010010010101010101010100100
709536426 101010010010101010101010101010
710035748 101010010100100100100100100100
710035754 101010010100100100100100101010
710035786 101010010100100100100101001010
710035794 101010010100100100100101010010
710035796 101010010100100100100101010100
710036042 101010010100100100101001001010
710036050 101010010100100100101001010010
710036052 101010010100100100101001010100
710036114 101010010100100100101010010010
710036116 101010010100100100101010010100
710036132 101010010100100100101010100100
710036138 101010010100100100101010101010
710038090 101010010100100101001001001010
710038098 101010010100100101001001010010
710038100 101010010100100101001001010100
710038162 101010010100100101001010010010
710038164 101010010100100101001010010100
710038180 101010010100100101001010100100
710038186 101010010100100101001010101010
710038674 101010010100100101010010010010
710038676 101010010100100101010010010100
710038692 101010010100100101010010100100
710038698 101010010100100101010010101010
710038820 101010010100100101010100100100
710038826 101010010100100101010100101010
710038858 101010010100100101010101001010
710038866 101010010100100101010101010010
710038868 101010010100100101010101010100
710054474 101010010100101001001001001010
710054482 101010010100101001001001010010
710054484 101010010100101001001001010100
710054546 101010010100101001001010010010
710054548 101010010100101001001010010100
710054564 101010010100101001001010100100
710054570 101010010100101001001010101010
710055058 101010010100101001010010010010
710055060 101010010100101001010010010100
710055076 101010010100101001010010100100
710055082 101010010100101001010010101010
710055204 101010010100101001010100100100
710055210 101010010100101001010100101010
710055242 101010010100101001010101001010
710055250 101010010100101001010101010010
710055252 101010010100101001010101010100
710059154 101010010100101010010010010010
710059156 101010010100101010010010010100
710059172 101010010100101010010010100100
710059178 101010010100101010010010101010
710059300 101010010100101010010100100100
710059306 101010010100101010010100101010
710059338 101010010100101010010101001010
710059346 101010010100101010010101010010
710059348 101010010100101010010101010100
710060324 101010010100101010100100100100
710060330 101010010100101010100100101010
710060362 101010010100101010100101001010
710060370 101010010100101010100101010010
710060372 101010010100101010100101010100
710060618 101010010100101010101001001010
710060626 101010010100101010101001010010
710060628 101010010100101010101001010100
710060690 101010010100101010101010010010
710060692 101010010100101010101010010100
710060708 101010010100101010101010100100
710060714 101010010100101010101010101010
710185546 101010010101001001001001001010
710185554 101010010101001001001001010010
710185556 101010010101001001001001010100
710185618 101010010101001001001010010010
710185620 101010010101001001001010010100
710185636 101010010101001001001010100100
710185642 101010010101001001001010101010
710186130 101010010101001001010010010010
710186132 101010010101001001010010010100
710186148 101010010101001001010010100100
710186154 101010010101001001010010101010
710186276 101010010101001001010100100100
710186282 101010010101001001010100101010
710186314 101010010101001001010101001010
710186322 101010010101001001010101010010
710186324 101010010101001001010101010100
710190226 101010010101001010010010010010
710190228 101010010101001010010010010100
710190244 101010010101001010010010100100
710190250 101010010101001010010010101010
710190372 101010010101001010010100100100
710190378 101010010101001010010100101010
710190410 101010010101001010010101001010
710190418 101010010101001010010101010010
710190420 101010010101001010010101010100
710191396 101010010101001010100100100100
710191402 101010010101001010100100101010
710191434 101010010101001010100101001010
710191442 101010010101001010100101010010
710191444 101010010101001010100101010100
710191690 101010010101001010101001001010
710191698 101010010101001010101001010010
710191700 101010010101001010101001010100
710191762 101010010101001010101010010010
710191764 101010010101001010101010010100
710191780 101010010101001010101010100100
710191786 101010010101001010101010101010
710222994 101010010101010010010010010010
710222996 101010010101010010010010010100
710223012 101010010101010010010010100100
710223018 101010010101010010010010101010
710223140 101010010101010010010100100100
710223146 101010010101010010010100101010
710223178 101010010101010010010101001010
710223186 101010010101010010010101010010
710223188 101010010101010010010101010100
710224164 101010010101010010100100100100
710224170 101010010101010010100100101010
710224202 101010010101010010100101001010
710224210 101010010101010010100101010010
710224212 101010010101010010100101010100
710224458 101010010101010010101001001010
710224466 101010010101010010101001010010
710224468 101010010101010010101001010100
710224530 101010010101010010101010010010
710224532 101010010101010010101010010100
710224548 101010010101010010101010100100
710224554 101010010101010010101010101010
710232356 101010010101010100100100100100
710232362 101010010101010100100100101010
710232394 101010010101010100100101001010
710232402 101010010101010100100101010010
710232404 101010010101010100100101010100
710232650 101010010101010100101001001010
710232658 101010010101010100101001010010
710232660 101010010101010100101001010100
710232722 101010010101010100101010010010
710232724 101010010101010100101010010100
710232740 101010010101010100101010100100
710232746 101010010101010100101010101010
710234698 101010010101010101001001001010
710234706 101010010101010101001001010010
710234708 101010010101010101001001010100
710234770 101010010101010101001010010010
710234772 101010010101010101001010010100
710234788 101010010101010101001010100100
710234794 101010010101010101001010101010
710235282 101010010101010101010010010010
710235284 101010010101010101010010010100
710235300 101010010101010101010010100100
710235306 101010010101010101010010101010
710235428 101010010101010101010100100100
710235434 101010010101010101010100101010
710235466 101010010101010101010101001010
710235474 101010010101010101010101010010
710235476 101010010101010101010101010100
714230052 101010100100100100100100100100
714230058 101010100100100100100100101010
714230090 101010100100100100100101001010
714230098 101010100100100100100101010010
714230100 101010100100100100100101010100
714230346 101010100100100100101001001010
714230354 101010100100100100101001010010
714230356 101010100100100100101001010100
714230418 101010100100100100101010010010
714230420 101010100100100100101010010100
714230436 101010100100100100101010100100
714230442 101010100100100100101010101010
714232394 101010100100100101001001001010
714232402 101010100100100101001001010010
714232404 101010100100100101001001010100
714232466 101010100100100101001010010010
714232468 101010100100100101001010010100
714232484 101010100100100101001010100100
714232490 101010100100100101001010101010
714232978 101010100100100101010010010010
714232980 101010100100100101010010010100
714232996 101010100100100101010010100100
714233002 101010100100100101010010101010
714233124 101010100100100101010100100100
714233130 101010100100100101010100101010
714233162 101010100100100101010101001010
714233170 101010100100100101010101010010
714233172 101010100100100101010101010100
714248778 101010100100101001001001001010
714248786 101010100100101001001001010010
714248788 101010100100101001001001010100
714248850 101010100100101001001010010010
714248852 101010100100101001001010010100
714248868 101010100100101001001010100100
714248874 101010100100101001001010101010
714249362 101010100100101001010010010010
714249364 101010100100101001010010010100
714249380 101010100100101001010010100100
714249386 101010100100101001010010101010
714249508 101010100100101001010100100100
714249514 101010100100101001010100101010
714249546 101010100100101001010101001010
714249554 101010100100101001010101010010
714249556 101010100100101001010101010100
714253458 101010100100101010010010010010
714253460 101010100100101010010010010100
714253476 101010100100101010010010100100
714253482 101010100100101010010010101010
714253604 101010100100101010010100100100
714253610 101010100100101010010100101010
714253642 101010100100101010010101001010
714253650 101010100100101010010101010010
714253652 101010100100101010010101010100
714254628 101010100100101010100100100100
714254634 101010100100101010100100101010
714254666 101010100100101010100101001010
714254674 101010100100101010100101010010
714254676 101010100100101010100101010100
714254922 101010100100101010101001001010
714254930 101010100100101010101001010010
714254932 101010100100101010101001010100
714254994 101010100100101010101010010010
714254996 101010100100101010101010010100
714255012 101010100100101010101010100100
714255018 101010100100101010101010101010
714379850 101010100101001001001001001010
714379858 101010100101001001001001010010
714379860 101010100101001001001001010100
714379922 101010100101001001001010010010
714379924 101010100101001001001010010100
714379940 101010100101001001001010100100
714379946 101010100101001001001010101010
714380434 101010100101001001010010010010
714380436 101010100101001001010010010100
714380452 101010100101001001010010100100
714380458 101010100101001001010010101010
714380580 101010100101001001010100100100
714380586 101010100101001001010100101010
714380618 101010100101001001010101001010
714380626 101010100101001001010101010010
714380628 101010100101001001010101010100
714384530 101010100101001010010010010010
714384532 101010100101001010010010010100
714384548 101010100101001010010010100100
714384554 101010100101001010010010101010
714384676 101010100101001010010100100100
714384682 101010100101001010010100101010
714384714 101010100101001010010101001010
714384722 101010100101001010010101010010
714384724 101010100101001010010101010100
714385700 101010100101001010100100100100
714385706 101010100101001010100100101010
714385738 101010100101001010100101001010
714385746 101010100101001010100101010010
714385748 101010100101001010100101010100
714385994 101010100101001010101001001010
714386002 101010100101001010101001010010
714386004 101010100101001010101001010100
714386066 101010100101001010101010010010
714386068 101010100101001010101010010100
714386084 101010100101001010101010100100
714386090 101010100101001010101010101010
714417298 101010100101010010010010010010
714417300 101010100101010010010010010100
714417316 101010100101010010010010100100
714417322 101010100101010010010010101010
714417444 101010100101010010010100100100
714417450 101010100101010010010100101010
714417482 101010100101010010010101001010
714417490 101010100101010010010101010010
714417492 101010100101010010010101010100
714418468 101010100101010010100100100100
714418474 101010100101010010100100101010
714418506 101010100101010010100101001010
714418514 101010100101010010100101010010
714418516 101010100101010010100101010100
714418762 101010100101010010101001001010
714418770 101010100101010010101001010010
714418772 101010100101010010101001010100
714418834 101010100101010010101010010010
714418836 101010100101010010101010010100
714418852 101010100101010010101010100100
714418858 101010100101010010101010101010
714426660 101010100101010100100100100100
714426666 101010100101010100100100101010
714426698 101010100101010100100101001010
714426706 101010100101010100100101010010
714426708 101010100101010100100101010100
714426954 101010100101010100101001001010
714426962 101010100101010100101001010010
714426964 101010100101010100101001010100
714427026 101010100101010100101010010010
714427028 101010100101010100101010010100
714427044 101010100101010100101010100100
714427050 101010100101010100101010101010
714429002 101010100101010101001001001010
714429010 101010100101010101001001010010
714429012 101010100101010101001001010100
714429074 101010100101010101001010010010
714429076 101010100101010101001010010100
714429092 101010100101010101001010100100
714429098 101010100101010101001010101010
714429586 101010100101010101010010010010
714429588 101010100101010101010010010100
714429604 101010100101010101010010100100
714429610 101010100101010101010010101010
714429732 101010100101010101010100100100
714429738 101010100101010101010100101010
714429770 101010100101010101010101001010
714429778 101010100101010101010101010010
714429780 101010100101010101010101010100
715428426 101010101001001001001001001010
715428434 101010101001001001001001010010
715428436 101010101001001001001001010100
715428498 101010101001001001001010010010
715428500 101010101001001001001010010100
715428516 101010101001001001001010100100
715428522 101010101001001001001010101010
715429010 101010101001001001010010010010
715429012 101010101001001001010010010100
715429028 101010101001001001010010100100
715429034 101010101001001001010010101010
715429156 101010101001001001010100100100
715429162 101010101001001001010100101010
715429194 101010101001001001010101001010
715429202 101010101001001001010101010010
715429204 101010101001001001010101010100
715433106 101010101001001010010010010010
715433108 101010101001001010010010010100
715433124 101010101001001010010010100100
715433130 101010101001001010010010101010
715433252 101010101001001010010100100100
715433258 101010101001001010010100101010
715433290 101010101001001010010101001010
715433298 101010101001001010010101010010
715433300 101010101001001010010101010100
715434276 101010101001001010100100100100
715434282 101010101001001010100100101010
715434314 101010101001001010100101001010
715434322 101010101001001010100101010010
715434324 101010101001001010100101010100
715434570 101010101001001010101001001010
715434578 101010101001001010101001010010
715434580 101010101001001010101001010100
715434642 101010101001001010101010010010
715434644 101010101001001010101010010100
715434660 101010101001001010101010100100
715434666 101010101001001010101010101010
715465874 101010101001010010010010010010
715465876 101010101001010010010010010100
715465892 101010101001010010010010100100
715465898 101010101001010010010010101010
715466020 101010101001010010010100100100
715466026 101010101001010010010100101010
715466058 101010101001010010010101001010
715466066 101010101001010010010101010010
715466068 101010101001010010010101010100
715467044 101010101001010010100100100100
715467050 101010101001010010100100101010
715467082 101010101001010010100101001010
715467090 101010101001010010100101010010
715467092 101010101001010010100101010100
715467338 101010101001010010101001001010
715467346 101010101001010010101001010010
715467348 101010101001010010101001010100
715467410 101010101001010010101010010010
715467412 101010101001010010101010010100
715467428 101010101001010010101010100100
715467434 101010101001010010101010101010
715475236 101010101001010100100100100100
715475242 101010101001010100100100101010
715475274 101010101001010100100101001010
715475282 101010101001010100100101010010
715475284 101010101001010100100101010100
715475530 101010101001010100101001001010
715475538 101010101001010100101001010010
715475540 101010101001010100101001010100
715475602 101010101001010100101010010010
715475604 101010101001010100101010010100
715475620 101010101001010100101010100100
715475626 101010101001010100101010101010
715477578 101010101001010101001001001010
715477586 101010101001010101001001010010
715477588 101010101001010101001001010100
715477650 101010101001010101001010010010
715477652 101010101001010101001010010100
715477668 101010101001010101001010100100
715477674 101010101001010101001010101010
715478162 101010101001010101010010010010
715478164 101010101001010101010010010100
715478180 101010101001010101010010100100
715478186 101010101001010101010010101010
715478308 101010101001010101010100100100
715478314 101010101001010101010100101010
715478346 101010101001010101010101001010
715478354 101010101001010101010101010010
715478356 101010101001010101010101010100
715728018 101010101010010010010010010010
715728020 101010101010010010010010010100
715728036 101010101010010010010010100100
715728042 101010101010010010010010101010
715728164 101010101010010010010100100100
715728170 101010101010010010010100101010
715728202 101010101010010010010101001010
715728210 101010101010010010010101010010
715728212 101010101010010010010101010100
715729188 101010101010010010100100100100
715729194 101010101010010010100100101010
715729226 101010101010010010100101001010
715729234 101010101010010010100101010010
715729236 101010101010010010100101010100
715729482 101010101010010010101001001010
715729490 101010101010010010101001010010
715729492 101010101010010010101001010100
715729554 101010101010010010101010010010
715729556 101010101010010010101010010100
715729572 101010101010010010101010100100
715729578 101010101010010010101010101010
715737380 101010101010010100100100100100
715737386 101010101010010100100100101010
715737418 101010101010010100100101001010
715737426 101010101010010100100101010010
715737428 101010101010010100100101010100
715737674 101010101010010100101001001010
715737682 101010101010010100101001010010
715737684 101010101010010100101001010100
715737746 101010101010010100101010010010
715737748 101010101010010100101010010100
715737764 101010101010010100101010100100
715737770 101010101010010100101010101010
715739722 101010101010010101001001001010
715739730 101010101010010101001001010010
715739732 101010101010010101001001010100
715739794 101010101010010101001010010010
715739796 101010101010010101001010010100
715739812 101010101010010101001010100100
715739818 101010101010010101001010101010
715740306 101010101010010101010010010010
715740308 101010101010010101010010010100
715740324 101010101010010101010010100100
715740330 101010101010010101010010101010
715740452 101010101010010101010100100100
715740458 101010101010010101010100101010
715740490 101010101010010101010101001010
715740498 101010101010010101010101010010
715740500 101010101010010101010101010100
715802916 101010101010100100100100100100
715802922 101010101010100100100100101010
715802954 101010101010100100100101001010
715802962 101010101010100100100101010010
715802964 101010101010100100100101010100
715803210 101010101010100100101001001010
715803218 101010101010100100101001010010
715803220 101010101010100100101001010100
715803282 101010101010100100101010010010
715803284 101010101010100100101010010100
715803300 101010101010100100101010100100
715803306 101010101010100100101010101010
715805258 101010101010100101001001001010
715805266 101010101010100101001001010010
715805268 101010101010100101001001010100
715805330 101010101010100101001010010010
715805332 101010101010100101001010010100
715805348 101010101010100101001010100100
715805354 101010101010100101001010101010
715805842 101010101010100101010010010010
715805844 101010101010100101010010010100
715805860 101010101010100101010010100100
715805866 101010101010100101010010101010
715805988 101010101010100101010100100100
715805994 101010101010100101010100101010
715806026 101010101010100101010101001010
715806034 101010101010100101010101010010
715806036 101010101010100101010101010100
715821642 101010101010101001001001001010
715821650 101010101010101001001001010010
715821652 101010101010101001001001010100
715821714 101010101010101001001010010010
715821716 101010101010101001001010010100
715821732 101010101010101001001010100100
715821738 101010101010101001001010101010
715822226 101010101010101001010010010010
715822228 101010101010101001010010010100
715822244 101010101010101001010010100100
715822250 101010101010101001010010101010
715822372 101010101010101001010100100100
715822378 101010101010101001010100101010
715822410 101010101010101001010101001010
715822418 101010101010101001010101010010
715822420 101010101010101001010101010100
715826322 101010101010101010010010010010
715826324 101010101010101010010010010100
715826340 101010101010101010010010100100
715826346 101010101010101010010010101010
715826468 101010101010101010010100100100
715826474 101010101010101010010100101010
715826506 101010101010101010010101001010
715826514 101010101010101010010101010010
715826516 101010101010101010010101010100
715827492 101010101010101010100100100100
715827498 101010101010101010100100101010
715827530 101010101010101010100101001010
715827538 101010101010101010100101010010
715827540 101010101010101010100101010100
715827786 101010101010101010101001001010
715827794 101010101010101010101001010010
715827796 101010101010101010101001010100
715827858 101010101010101010101010010010
715827860 101010101010101010101010010100
715827876 101010101010101010101010100100
715827882 101010101010101010101010101010
